----------
size 7
  37  10  24  27  11  19  35

  44  64  64  70  47  47   0
  64  47   0   0   0  41  54
  64   0   1  11  12   8  15
  70   0  11   0   6   2  28
  47   0  12   6  21   0   0
  47  41   8   2   0  46  15
   0  54  15  28   0  15  39
   1   1   0   0   1   1   0
c 85
----------
size 7
  25   5  22  16   1  26  34

  45   0  61   0   0  58   0
   0  45  28  64  68   0   0
  61  28  37  55  32  14  30
   0  64  55  24   4  52  30
   0  68  32   4  39  25   0
  58   0  14  52  25   4   0
   0   0  30  30   0   0  19
   1   1   1   1   1   1   0
c 95
----------
size 7
  12  32  10  18  18   4   4

  22  52  42  49  64   0  55
  52   0   0  11  40   0  51
  42   0   0  12   4  20  44
  49  11  12  35   0  19  31
  64  40   4   0  73  26   0
   0   0  20  19  26  13  67
  55  51  44  31   0  67   0
   1   1   1   0   1   1   1
c 84
----------
size 7
  22   2  18  23  14  16  37

  75   9  37  41   0   0  44
   9  54  27  67   0  13   0
  37  27  13  23  36  41   0
  41  67  23  47  13   0   0
   0   0  36  13  38   0  33
   0  13  41   0   0  28   0
  44   0   0   0  33   0  30
   1   1   1   1   1   0   1
c 120
----------
size 7
   9  16   3  20  15  27   7

  75  40  71  50  37  74  73
  40  21  31  61  24  30   0
  71  31   0   6   0  50  26
  50  61   6  47  50  13  67
  37  24   0  50  69  36  26
  74  30  50  13  36  66  67
  73   0  26  67  26  67  17
   1   0   1   1   1   0   1
c 55
----------
size 7
  34  16  24  36   1  27  16

  53  72  52   0  10  21   8
  72  41  13  36  72  74  71
  52  13  17  66  46  54   0
   0  36  66   2  18  24  16
  10  72  46  18  20  31  35
  21  74  54  24  31  50  20
   8  71   0  16  35  20  47
   1   1   1   0   1   1   1
c 135
----------
size 7
  21  24  37  22  15   8  15

  30   0  66   0  43   0   5
   0  69  69   9  20  53  74
  66  69  58  47  65   0   0
   0   9  47  19   0  42   0
  43  20  65   0  45   0  60
   0  53   0  42   0  65  15
   5  74   0   0  60  15   9
   1   1   0   0   1   1   1
c 98
----------
size 7
  31  30  30   9  14  22  22

   8  60  44   0  55  67   8
  60  28  22   0  17  29  43
  44  22  44  16   0  32   0
   0   0  16  67  41   2  30
  55  17   0  41  71  20   0
  67  29  32   2  20  55   0
   8  43   0  30   0   0   0
   1   1   0   0   1   1   0
c 102
----------
size 7
  18  20  12   5   9   5  28

   8  16  29   0  15   0  53
  16   0   0   7  66  16  58
  29   0  26   9  65   0   0
   0   7   9   0   2  29  56
  15  66  65   2  56  23  11
   0  16   0  29  23   0  46
  53  58   0  56  11  46  71
   0   1   0   1   1   1   1
c 76
----------
size 7
   6  26  32  19  33   4  28

  61   0   0  49   3  18  58
   0   8  59   1  62   0  48
   0  59   8  28  72  35  26
  49   1  28  66  19  73   0
   3  62  72  19   0   0   9
  18   0  35  73   0  68  13
  58  48  26   0   9  13   0
   1   1   1   1   0   1   1
c 115
----------
size 10
  22   2  18  23  14  16  37  35  36   6

  75   9  37  41   0   0  44   0  24  28
   9  54  27  67   0  13   0  52   0   0
  37  27  13  23  36  41   0  25  24  70
  41  67  23  47  13   0   0  58  30   0
   0   0  36  13  38   0  33   0  58  34
   0  13  41   0   0  28   0  27  68   8
  44   0   0   0  33   0  30   7   0  74
   0  52  25  58   0  27   7  21  48  49
  24   0  24  30  58  68   0  48   0  63
  28   0  70   0  34   8  74  49  63  31
   0   1   1   1   1   1   0   0   1   1
c 117
----------
size 10
   9  16   3  20  15  27   7  35  23  36

  75  40  71  50  37  74  73   0  52   3
  40  21  31  61  24  30   0   0  73   0
  71  31   0   6   0  50  26  55  12  12
  50  61   6  47  50  13  67  23  33   0
  37  24   0  50  69  36  26  27   8  68
  74  30  50  13  36  66  67  11   0  30
  73   0  26  67  26  67  17  36   0   2
   0   0  55  23  27  11  36  53  64   1
  52  73  12  33   8   0   0  64   0   0
   3   0  12   0  68  30   2   1   0  52
   1   1   1   1   1   1   1   0   1   0
c 123
----------
size 10
  34  16  24  36   1  27  16  24  33  12

  53  72  52   0  10  21   8   0   0  46
  72  41  13  36  72  74  71  61   0   0
  52  13  17  66  46  54   0  40   0   0
   0  36  66   2  18  24  16  11  11   8
  10  72  46  18  20  31  35  71   0  13
  21  74  54  24  31  50  20  53   0  48
   8  71   0  16  35  20  47   8  72  26
   0  61  40  11  71  53   8  16  25   0
   0   0   0  11   0   0  72  25  26  65
  46   0   0   8  13  48  26   0  65   0
   0   1   0   0   1   1   1   1   0   1
c 107
----------
size 10
  21  24  37  22  15   8  15  33  29  18

  30   0  66   0  43   0   5  21  69   9
   0  69  69   9  20  53  74  25  37  16
  66  69  58  47  65   0   0  31  72  53
   0   9  47  19   0  42   0   0   0   9
  43  20  65   0  45   0  60  14   0   0
   0  53   0  42   0  65  15   0   0  61
   5  74   0   0  60  15   9  60  27   0
  21  25  31   0  14   0  60  55  54  43
  69  37  72   0   0   0  27  54  75  51
   9  16  53   9   0  61   0  43  51   9
   1   1   1   0   1   1   0   0   1   1
c 157
----------
size 10
  31  30  30   9  14  22  22  34  14  11

   8  60  44   0  55  67   8   0  55  57
  60  28  22   0  17  29  43   0  39   1
  44  22  44  16   0  32   0   0  57   0
   0   0  16  67  41   2  30   0  67   0
  55  17   0  41  71  20   0  54  75   9
  67  29  32   2  20  55   0  20   9   2
   8  43   0  30   0   0   0  21  38  39
   0   0   0   0  54  20  21  53  34  33
  55  39  57  67  75   9  38  34  26   0
  57   1   0   0   9   2  39  33   0   0
   0   0   0   1   1   0   0   0   1   1
c 58
----------
size 10
  18  20  12   5   9   5  28  29  24  30

   8  16  29   0  15   0  53  50   4  34
  16   0   0   7  66  16  58  56  21   0
  29   0  26   9  65   0   0   0  58  23
   0   7   9   0   2  29  56  75  46  56
  15  66  65   2  56  23  11  25  17   1
   0  16   0  29  23   0  46   0  75   0
  53  58   0  56  11  46  71  32   0  71
  50  56   0  75  25   0  32   8  67   0
   4  21  58  46  17  75   0  67   0  66
  34   0  23  56   1   0  71   0  66   0
   1   1   1   1   1   1   1   1   1   0
c 158
----------
size 10
   6  26  32  19  33   4  28  21  20  18

  61   0   0  49   3  18  58   5   0  19
   0   8  59   1  62   0  48  36   0  47
   0  59   8  28  72  35  26  22   0  40
  49   1  28  66  19  73   0  54   6  49
   3  62  72  19   0   0   9   2  12   0
  18   0  35  73   0  68  13  43  72   0
  58  48  26   0   9  13   0  65  15   0
   5  36  22  54   2  43  65  73  14   0
   0   0   0   6  12  72  15  14  38   0
  19  47  40  49   0   0   0   0   0   0
   1   0   0   1   0   1   1   1   1   0
c 113
----------
size 10
  30  21  32  10  31  22  35  26  27  34

  38   4  18  15  51  19  22  51   0  16
   4  57  12  71   9   3   0  43  29   0
  18  12  13   0   0  33  67   0   0   7
  15  71   0  51   0   0  16  15   8   6
  51   9   0   0  24  19  44  27  68   0
  19   3  33   0  19  47  67  59  67   0
  22   0  67  16  44  67   4  10  26   6
  51  43   0  15  27  59  10  14  74  16
   0  29   0   8  68  67  26  74   3   0
  16   0   7   6   0   0   6  16   0   0
   1   1   1   1   1   1   0   1   1   0
c 201
----------
size 10
  16  22  14   7  19  29  33  36  31   9

   0  62  49   0   3  61   5   0  62   0
  62  19  11  53  32   1   0  61  11  37
  49  11   5  17   0  46  13   0  41  59
   0  53  17  13   0   0   0   5   0  44
   3  32   0   0  48  48  16   0   3  39
  61   1  46   0  48   0   0  65   0  74
   5   0  13   0  16   0   0  13  34  73
   0  61   0   5   0  65  13  58  62   0
  62  11  41   0   3   0  34  62   0   3
   0  37  59  44  39  74  73   0   3  26
   1   1   1   0   1   1   1   1   1   1
c 211
----------
size 10
  27  13  16  21   6  30  31  34  35   9

  16  67  33  67  28  11   0  34   0  34
  67  44  21  60  26  66  39  11   0  61
  33  21  40  62   0   0   0   0  56  23
  67  60  62  22  25  71  30  75  43   0
  28  26   0  25  25  18  21  74  20  59
  11  66   0  71  18   0  23   0   0  22
   0  39   0  30  21  23  10  74   0  45
  34  11   0  75  74   0  74  24  51  11
   0   0  56  43  20   0   0  51  63  29
  34  61  23   0  59  22  45  11  29   7
   1   1   0   1   1   0   1   1   0   1
c 150
----------
size 12
  34  16  24  36   1  27  16  24  33  12  36  35

  53  72  52   0  10  21   8   0   0  46  47  67
  72  41  13  36  72  74  71  61   0   0   0  49
  52  13  17  66  46  54   0  40   0   0   0  50
   0  36  66   2  18  24  16  11  11   8  50   0
  10  72  46  18  20  31  35  71   0  13   0  57
  21  74  54  24  31  50  20  53   0  48   7  46
   8  71   0  16  35  20  47   8  72  26  40   8
   0  61  40  11  71  53   8  16  25   0   0  42
   0   0   0  11   0   0  72  25  26  65   0   0
  46   0   0   8  13  48  26   0  65   0   0   0
  47   0   0  50   0   7  40   0   0   0  71  15
  67  49  50   0  57  46   8  42   0   0  15   9
   1   1   1   1   1   1   1   1   0   1   1   1
c 267
----------
size 12
  21  24  37  22  15   8  15  33  29  18   1  13

  30   0  66   0  43   0   5  21  69   9  63   9
   0  69  69   9  20  53  74  25  37  16  63   0
  66  69  58  47  65   0   0  31  72  53  71  64
   0   9  47  19   0  42   0   0   0   9  37  67
  43  20  65   0  45   0  60  14   0   0  54  30
   0  53   0  42   0  65  15   0   0  61  26   0
   5  74   0   0  60  15   9  60  27   0   8  17
  21  25  31   0  14   0  60  55  54  43   0   0
  69  37  72   0   0   0  27  54  75  51  37  49
   9  16  53   9   0  61   0  43  51   9   0  62
  63  63  71  37  54  26   8   0  37   0  54  46
   9   0  64  67  30   0  17   0  49  62  46  70
   1   1   1   0   1   1   0   0   1   1   1   1
c 170
----------
size 12
  31  30  30   9  14  22  22  34  14  11  31  24

   8  60  44   0  55  67   8   0  55  57   9  30
  60  28  22   0  17  29  43   0  39   1   0  53
  44  22  44  16   0  32   0   0  57   0  18  27
   0   0  16  67  41   2  30   0  67   0  59  61
  55  17   0  41  71  20   0  54  75   9  71  56
  67  29  32   2  20  55   0  20   9   2  63  11
   8  43   0  30   0   0   0  21  38  39  24  55
   0   0   0   0  54  20  21  53  34  33  26  22
  55  39  57  67  75   9  38  34  26   0   0  33
  57   1   0   0   9   2  39  33   0   0   0   0
   9   0  18  59  71  63  24  26   0   0   2  48
  30  53  27  61  56  11  55  22  33   0  48  37
   1   1   1   1   1   1   1   1   1   0   1   1
c 269
----------
size 12
  18  20  12   5   9   5  28  29  24  30   4  24

   8  16  29   0  15   0  53  50   4  34  50   0
  16   0   0   7  66  16  58  56  21   0   4   0
  29   0  26   9  65   0   0   0  58  23  29  25
   0   7   9   0   2  29  56  75  46  56  10  11
  15  66  65   2  56  23  11  25  17   1  33  35
   0  16   0  29  23   0  46   0  75   0  31  67
  53  58   0  56  11  46  71  32   0  71   0  30
  50  56   0  75  25   0  32   8  67   0   0  11
   4  21  58  46  17  75   0  67   0  66  52   0
  34   0  23  56   1   0  71   0  66   0  34  71
  50   4  29  10  33  31   0   0  52  34   0  28
   0   0  25  11  35  67  30  11   0  71  28  20
   0   0   1   1   0   1   0   0   1   0   1   0
c 52
----------
size 12
   6  26  32  19  33   4  28  21  20  18  29  27

  61   0   0  49   3  18  58   5   0  19  63  74
   0   8  59   1  62   0  48  36   0  47  43  21
   0  59   8  28  72  35  26  22   0  40  41  41
  49   1  28  66  19  73   0  54   6  49  60   0
   3  62  72  19   0   0   9   2  12   0  69   0
  18   0  35  73   0  68  13  43  72   0  75  44
  58  48  26   0   9  13   0  65  15   0  33   1
   5  36  22  54   2  43  65  73  14   0  27  19
   0   0   0   6  12  72  15  14  38   0   0  23
  19  47  40  49   0   0   0   0   0   0   0   0
  63  43  41  60  69  75  33  27   0   0   0  74
  74  21  41   0   0  44   1  19  23   0  74   0
   1   0   0   1   0   1   0   1   1   1   1   1
c 146
----------
size 12
  30  21  32  10  31  22  35  26  27  34  28  34

  38   4  18  15  51  19  22  51   0  16  66  18
   4  57  12  71   9   3   0  43  29   0  32  68
  18  12  13   0   0  33  67   0   0   7  34  38
  15  71   0  51   0   0  16  15   8   6  61   6
  51   9   0   0  24  19  44  27  68   0  46  65
  19   3  33   0  19  47  67  59  67   0   3  18
  22   0  67  16  44  67   4  10  26   6  71  46
  51  43   0  15  27  59  10  14  74  16   5  17
   0  29   0   8  68  67  26  74   3   0  57  19
  16   0   7   6   0   0   6  16   0   0  50  22
  66  32  34  61  46   3  71   5  57  50   0  38
  18  68  38   6  65  18  46  17  19  22  38  44
   0   1   0   1   0   1   0   0   0   0   0   0
c 55
----------
size 12
  16  22  14   7  19  29  33  36  31   9   4  25

   0  62  49   0   3  61   5   0  62   0  62   2
  62  19  11  53  32   1   0  61  11  37  36  37
  49  11   5  17   0  46  13   0  41  59  45  56
   0  53  17  13   0   0   0   5   0  44  12  56
   3  32   0   0  48  48  16   0   3  39  61  26
  61   1  46   0  48   0   0  65   0  74  15  65
   5   0  13   0  16   0   0  13  34  73  35  36
   0  61   0   5   0  65  13  58  62   0  65  25
  62  11  41   0   3   0  34  62   0   3  28   0
   0  37  59  44  39  74  73   0   3  26  30  40
  62  36  45  12  61  15  35  65  28  30   0  16
   2  37  56  56  26  65  36  25   0  40  16  63
   1   1   1   1   0   1   0   1   0   1   1   1
c 169
----------
size 12
  27  13  16  21   6  30  31  34  35   9  19  19

  16  67  33  67  28  11   0  34   0  34  23   0
  67  44  21  60  26  66  39  11   0  61   0   0
  33  21  40  62   0   0   0   0  56  23  21  20
  67  60  62  22  25  71  30  75  43   0   1  54
  28  26   0  25  25  18  21  74  20  59  56   0
  11  66   0  71  18   0  23   0   0  22   0  53
   0  39   0  30  21  23  10  74   0  45   2   6
  34  11   0  75  74   0  74  24  51  11   0  40
   0   0  56  43  20   0   0  51  63  29  23  12
  34  61  23   0  59  22  45  11  29   7  70  14
  23   0  21   1  56   0   2   0  23  70  65  31
   0   0  20  54   0  53   6  40  12  14  31   0
   1   1   1   1   1   0   1   1   1   1   1   0
c 224
----------
size 12
  15  13  11  18  14  23   7  31  24   4  22  12

  69  24  14   7   2  57  54   8  51   0  34  54
  24  64  26  29  44   0  42   0   0  38   0  53
  14  26   4  35  25  71  19  16  35  42  22  27
   7  29  35  57  42  60  62  75   0  11  52   0
   2  44  25  42  24   0  62  59  10  58  27   6
  57   0  71  60   0  50  65  41  26   2  20  65
  54  42  19  62  62  65  48  19  23   0  57  75
   8   0  16  75  59  41  19  64  15  70  30  10
  51   0  35   0  10  26  23  15  48  58   0  58
   0  38  42  11  58   2   0  70  58  62  10  36
  34   0  22  52  27  20  57  30   0  10  74  23
  54  53  27   0   6  65  75  10  58  36  23   0
   1   1   1   1   1   1   1   0   1   1   1   1
c 166
----------
size 12
   2  27  32  13  33  22  27  11  10  32  11   9

  69  55  48   3  45  19  45  54   0  17  68   0
  55  31   7  58  49  24  43   0  45  22  31  69
  48   7   0  11   1  57  35   0  69  16  68  48
   3  58  11  19   3  47   3   0  36  61  43  45
  45  49   1   3  29   0   0  46  31  30  73   0
  19  24  57  47   0  72  39  40  25   0  47  61
  45  43  35   3   0  39  28   0  20   0  18  39
  54   0   0   0  46  40   0  34  64   0   8  37
   0  45  69  36  31  25  20  64  65  21  28   3
  17  22  16  61  30   0   0   0  21  33  30  23
  68  31  68  43  73  47  18   8  28  30  24   0
   0  69  48  45   0  61  39  37   3  23   0  59
   1   0   0   1   0   1   0   1   1   0   1   0
c 70
